ViolentCrimesPerPop	state	communityname	racepctblack	racePctHisp	agePct12t21	pctUrban	medIncome	pctWPubAsst	PctPopUnderPov	PctUnemployed	TotalPctDiv	PctKids2Par	PctImmigRec5	PctImmigRec10	PctRecImmig5	PctRecImmig10	PctNotSpeakEnglWell	NumInShelters	PctForeignBorn	LemasSwornFT	LemasTotalReq	PolicReqPerOffic	OfficAssgnDrugUnits	NumKindsDrugsSeiz	PolicAveOTWorked	PctUsePubTrans	LemasGangUnitDeploy	LemasPctOfficDrugUn
0.2266	8	Lakewoodcity	0.02	0.17	0.34	1	0.37	0.15	0.19	0.27	0.75	0.59	0.27	0.39	0.07	0.08	0.06	0.04	0.12	0.03	0.06	0.44	0.02	0.57	0.29	0.2	0.5	0.32
0.4202	36	Albanycity	0.4	0.06	0.58	1	0.22	0.39	0.48	0.37	0.49	0.25	0.39	0.46	0.19	0.18	0.08	0.23	0.23	0.06	0.05	0.23	0.1	0.64	0.22	0.84	0.5	0.88
0.2129	6	Modestocity	0.05	0.3	0.42	1	0.33	0.64	0.34	0.59	0.67	0.61	0.45	0.64	0.36	0.42	0.35	0.12	0.38	0.03	0.05	0.35	0.05	0.57	0.36	0.05	0.5	0.76
0.2556	12	Jacksonvillecity	0.47	0.05	0.41	0.99	0.28	0.3	0.33	0.3	0.73	0.51	0.34	0.43	0.07	0.08	0.04	0.39	0.1	0.25	0.35	0.38	0.13	0.57	1	0.15	0	0.31
0.4541	19	SiouxCitycity	0.04	0.06	0.45	1	0.22	0.41	0.36	0.33	0.5	0.61	0.59	0.64	0.11	0.1	0.09	0.05	0.09	0.01	0.03	0.37	0.02	0.86	0.29	0.07	1	0.56
0.1975	51	Lynchburgcity	0.51	0.01	0.58	1	0.2	0.36	0.43	0.36	0.52	0.42	0.75	0.61	0.08	0.05	0.02	0.03	0.04	0.02	0.03	0.29	0.03	0.5	0.1	0.19	0	0.6
0.3393	18	Evansvillecity	0.19	0.01	0.36	1	0.19	0.35	0.38	0.45	0.71	0.49	0.42	0.5	0.02	0.02	0.04	0.05	0.02	0.04	0.04	0.25	0.03	0.5	0.78	0.09	0	0.34
0.3914	18	Kokomocity	0.17	0.03	0.4	1	0.24	0.38	0.43	0.54	0.78	0.47	0.13	0.22	0.01	0.02	0.04	0.04	0.04	0.01	0.02	0.31	0.03	0.29	0.16	0.01	0.5	0.82
0.2868	6	Riversidecity	0.14	0.48	0.52	1	0.38	0.42	0.31	0.44	0.59	0.57	0.48	0.59	0.46	0.47	0.38	0.1	0.46	0.2	0.03	0.02	0.07	0.57	0.38	0.09	0.5	0.22
0.1673	6	Concordcity	0.05	0.21	0.37	1	0.5	0.31	0.16	0.25	0.66	0.65	0.54	0.63	0.47	0.45	0.2	0.03	0.42	0.02	0.04	0.41	0.03	0.64	0.34	0.56	1	0.57
0.1594	1	Huntsvillecity	0.48	0.02	0.44	0.99	0.34	0.21	0.3	0.33	0.56	0.58	0.45	0.52	0.11	0.1	0.04	0.17	0.11	0.05	0.05	0.23	0.05	0.5	0.22	0	0.5	0.51
0.3874	34	PerthAmboycity	0.23	1	0.45	1	0.28	0.5	0.4	0.75	0.55	0.4	0.5	0.61	0.77	0.78	1	0.01	0.75	0.01	0.01	0.08	0.04	0.79	0.31	0.28	0	1
0.1669	9	Meridentown	0.08	0.25	0.33	1	0.41	0.3	0.18	0.3	0.53	0.57	0.27	0.34	0.1	0.1	0.22	0.02	0.18	0.01	0.02	0.25	0.02	0.21	0.31	0.04	1	0.44
0.3095	48	PortArthurcity	0.82	0.15	0.41	0.99	0.11	0.56	0.75	0.89	0.68	0.38	0.31	0.5	0.13	0.18	0.22	0.01	0.2	0.01	0.02	0.23	0.02	0.57	0.3	0.06	0.5	0.57
0.3517	8	Pueblocity	0.04	0.73	0.42	1	0.15	0.61	0.57	0.62	0.69	0.44	0.32	0.33	0.04	0.04	0.11	0.05	0.06	0.02	0.05	0.4	0.02	0.07	0.1	0.06	1	0.31
0.4008	8	Auroracity	0.22	0.12	0.37	1	0.36	0.17	0.19	0.26	0.76	0.61	0.37	0.49	0.13	0.14	0.09	0.03	0.16	0.07	0.29	1	0.08	0.79	0.33	0.23	0.5	0.61
0.2408	36	Yonkerscity	0.27	0.31	0.33	1	0.41	0.44	0.28	0.4	0.39	0.46	0.36	0.44	0.44	0.46	0.37	0.15	0.6	0.1	0.05	0.12	0.11	0.64	0.49	1	0.5	0.61
0.3045	49	Ogdencity	0.05	0.22	0.47	1	0.2	0.47	0.44	0.54	0.71	0.56	0.43	0.54	0.1	0.11	0.11	0.12	0.11	0.01	0.02	0.33	0	0	0.48	0.16	1	0
0.1788	25	Maldencity	0.08	0.05	0.28	1	0.37	0.31	0.19	0.49	0.39	0.62	0.5	0.6	0.42	0.42	0.2	0.07	0.4	0.01	0.01	0.11	0.01	0.07	0.33	1	0	0.35
0.1193	33	Manchestercity	0.02	0.04	0.36	1	0.33	0.27	0.23	0.45	0.57	0.59	0.38	0.36	0.16	0.12	0.11	0.09	0.2	0.02	0.02	0.21	0.03	0.43	0.5	0.08	0	0.44
0.4108	40	Lawtoncity	0.38	0.12	0.48	1	0.21	0.32	0.42	0.61	0.6	0.58	0.32	0.36	0.11	0.11	0.07	0.04	0.17	0.02	0.07	0.66	0.04	0.43	0.09	0	0	0.7
0.2696	12	Hollywoodcity	0.17	0.22	0.25	1	0.26	0.24	0.28	0.37	0.64	0.54	0.33	0.45	0.36	0.41	0.21	0.05	0.53	0.05	0.04	0.2	0.15	0.79	0.14	0.11	0.5	1
0.3501	48	Amarillocity	0.12	0.27	0.41	1	0.22	0.26	0.44	0.42	0.66	0.62	0.49	0.68	0.12	0.14	0.16	0.16	0.12	0.04	0.04	0.22	0.15	0.79	0	0.05	1	1
0.3581	4	Tucsoncity	0.08	0.54	0.5	1	0.17	0.31	0.53	0.53	0.7	0.46	0.5	0.53	0.33	0.29	0.27	0.26	0.32	0.15	0.26	0.47	0.11	0.57	0.3	0.24	0.5	0.41
0.2214	6	SantaClaracity	0.05	0.28	0.36	1	0.54	0.27	0.15	0.24	0.62	0.59	0.51	0.66	0.72	0.78	0.34	0.07	0.68	0.02	0.06	0.55	0.02	0.93	0.36	0.14	1	0.43
0.6321	6	Inglewoodcity	1	0.72	0.48	1	0.3	0.55	0.43	0.68	0.77	0.33	0.56	0.68	1	1	0.9	0.01	0.86	0.03	0.03	0.22	0.04	0.36	0.31	0.42	0.5	0.6
0.2836	6	SantaMonicacity	0.09	0.26	0.13	1	0.4	0.22	0.24	0.27	0.82	0.59	0.32	0.43	0.49	0.55	0.3	0.19	0.75	0.02	0.05	0.47	0.02	0.57	0.17	0.3	0.5	0.38
0.1565	34	Cliftoncity	0.03	0.12	0.26	1	0.47	0.14	0.11	0.26	0.31	0.78	0.29	0.39	0.34	0.38	0.26	0	0.57	0.02	0.06	0.56	0.05	0.43	0.05	0.32	0	1
0.2063	25	Lowellcity	0.05	0.19	0.47	1	0.29	0.72	0.47	0.73	0.49	0.4	0.57	0.78	0.57	0.66	0.45	0.11	0.49	0.03	0.05	0.38	0.07	0.43	0.39	0.16	0	1
0.3646	22	BatonRougecity	0.86	0.03	0.6	1	0.17	0.47	0.7	0.62	0.59	0.28	0.6	0.67	0.11	0.1	0.05	0.08	0.08	0.12	0.08	0.18	0.07	0.5	0.27	0.11	0.5	0.35
0.3701	12	Bartowcity	0.57	0.06	0.46	0	0.23	0.43	0.43	0.38	0.71	0.28	0.36	0.47	0.07	0.07	0.08	0	0.08	0.07	0.08	0.3	0.18	0.71	0.36	0.03	0.5	1
0.1905	48	SanAngelocity	0.09	0.52	0.52	1	0.2	0.29	0.49	0.5	0.57	0.61	0.23	0.36	0.08	0.1	0.25	0.14	0.16	0.02	0.05	0.46	0.07	0.71	0.39	0.04	0	1
0.4305	37	Fayettevillecity	0.75	0.06	0.49	1	0.21	0.5	0.49	0.47	0.67	0.36	0.34	0.35	0.07	0.06	0.05	0.06	0.1	0.03	0.08	0.49	0.01	0.29	0.05	0.07	1	0.19
0.6986	34	Passaiccity	0.4	0.93	0.47	1	0.25	0.53	0.45	0.75	0.53	0.34	0.68	0.77	1	1	1	0.01	1	0.02	0.02	0.22	0.03	0.29	1	0.7	0	0.7
0.2792	12	Clearwatercity	0.17	0.05	0.26	1	0.25	0.2	0.27	0.27	0.68	0.47	0.27	0.35	0.13	0.14	0.08	0.13	0.24	0.04	0.1	0.64	0.03	0.29	0.65	0.09	1	0.37
0.3498	54	Huntingtoncity	0.13	0.01	0.55	1	0.11	0.46	0.61	0.73	0.59	0.49	0.49	0.45	0.04	0.03	0.02	0.04	0.03	0.01	0.02	0.33	0.04	0.29	0.3	0.09	0	1
0.346	25	Lynncity	0.16	0.17	0.35	1	0.28	0.65	0.42	0.62	0.57	0.38	0.59	0.66	0.5	0.47	0.35	0.12	0.41	0.02	0.03	0.27	0.02	0.71	0.99	0.5	1	0.41
0.1678	34	Woodbridgetownship	0.13	0.1	0.27	1	0.56	0.15	0.07	0.27	0.33	0.77	0.34	0.46	0.25	0.29	0.13	0.03	0.36	0.02	0.03	0.26	0.02	0.64	0.02	0.39	0	0.36
0.712	34	JerseyCitycity	0.58	0.45	0.41	1	0.29	0.59	0.5	0.74	0.52	0.23	0.55	0.68	0.84	0.86	0.52	0.27	0.73	0.19	0.28	0.4	0.18	0.71	0.17	1	0	0.55
0.3944	37	Greensborocity	0.66	0.02	0.51	1	0.29	0.23	0.3	0.25	0.59	0.47	0.65	0.71	0.11	0.1	0.05	0.08	0.07	0.03	0.01	0.09	0.02	0.64	0.05	0.09	1	0.33
0.2507	12	CoralSpringscity	0.07	0.13	0.53	1	0.52	0.08	0.12	0.2	0.42	0.81	0.44	0.52	0.31	0.3	0.12	0	0.34	0.02	0.03	0.31	0.04	0.57	0.15	0.04	0.5	0.67
0.4807	13	Savannahcity	1	0.02	0.46	1	0.17	0.58	0.6	0.5	0.74	0.23	0.35	0.46	0.04	0.05	0.04	0.14	0.05	0.01	0.02	0.23	0.12	0.21	0.06	0.35	0	1
0.218	41	Eugenecity	0.02	0.05	0.56	1	0.23	0.26	0.45	0.4	0.62	0.59	0.73	0.62	0.23	0.16	0.05	0.27	0.15	0.02	0.06	0.67	0.05	0.93	0.24	0.2	1	1
0.1034	6	Torrancecity	0.03	0.19	0.31	1	0.59	0.19	0.12	0.2	0.54	0.73	0.56	0.62	0.76	0.7	0.37	0	0.66	0.03	0.03	0.21	0.03	0.5	0.76	0.09	1	0.42
0.525	42	Lancastercity	0.24	0.38	0.52	1	0.17	0.66	0.55	0.4	0.72	0.2	0.32	0.48	0.08	0.1	0.31	0.2	0.12	0.01	0.02	0.19	0	0.57	0.14	0.31	0	0
0.2338	44	Pawtucketcity	0.07	0.13	0.34	1	0.25	0.42	0.27	0.52	0.53	0.54	0.35	0.42	0.39	0.38	0.48	0	0.53	0.02	0.03	0.34	0.06	0.5	0.18	0.18	0.5	1
0.4448	13	Decaturcity	0.76	0.02	0.3	1	0.25	0.33	0.47	0.35	0.78	0.19	0.59	0.5	0.08	0.06	0.03	0.01	0.06	0.13	0.18	0.37	0.16	0.79	0.27	0.76	0	0.71
0.7162	9	NewHaventown	0.7	0.24	0.55	1	0.23	0.71	0.56	0.62	0.59	0.05	0.54	0.56	0.27	0.23	0.25	0.79	0.24	0.07	0.07	0.24	0.04	0.64	0.43	0.53	0.5	0.32
0.4113	6	ElMontecity	0.02	1	0.6	1	0.27	0.75	0.6	0.63	0.43	0.43	0.58	0.7	1	1	1	0.17	1	0.01	0.03	0.34	0.04	0.79	0.33	0.36	1	1
0.4322	45	Spartanburgcity	0.89	0.01	0.5	1	0.18	0.59	0.58	0.43	0.71	0.18	0.45	0.47	0.07	0.06	0.04	0.07	0.07	0.01	0.04	0.51	0.11	0.57	0.39	0.13	0	1
0.3239	37	Charlottecity	0.62	0.02	0.37	1	0.33	0.24	0.28	0.22	0.64	0.48	0.55	0.62	0.13	0.12	0.07	0.31	0.11	0.02	0.01	0.08	0.04	0.57	0.06	0.25	0	0.71
0.4406	12	Lakelandcity	0.39	0.06	0.38	1	0.21	0.3	0.36	0.41	0.65	0.37	0.28	0.36	0.07	0.08	0.06	0.08	0.12	0.03	0.03	0.23	0.07	0.57	0.33	0.07	1	0.99
0.3419	45	NorthCharlestoncity	0.67	0.04	0.56	1	0.17	0.38	0.58	0.27	0.73	0.36	0.37	0.48	0.05	0.06	0.04	0.02	0.06	0.02	0.04	0.45	0.01	0.64	0.02	0.17	1	0.3
0.5973	51	Richmondcity	1	0.02	0.38	1	0.2	0.49	0.55	0.4	0.79	0.05	0.44	0.52	0.05	0.05	0.03	0.17	0.05	0.13	0.45	0.95	0.11	0.71	0.19	0.72	0.5	0.48
0.4213	1	Montgomerycity	0.83	0.01	0.48	1	0.24	0.4	0.48	0.44	0.64	0.38	0.39	0.45	0.04	0.04	0.03	0.06	0.04	0.02	0.01	0.1	0.02	0.21	0.07	0.09	0	0.36
0.1059	9	Stratfordtown	0.15	0.06	0.29	1	0.5	0.15	0.08	0.28	0.36	0.7	0.15	0.18	0.06	0.06	0.06	0	0.18	0.01	0.01	0.22	0.02	0.5	0.38	0.11	0	0.51
0.3368	42	Allentowncity	0.1	0.22	0.36	1	0.24	0.41	0.33	0.38	0.57	0.45	0.47	0.52	0.17	0.15	0.24	0.06	0.17	0.03	0.04	0.34	0.05	0.36	0.2	0.19	0	0.72
0.3834	6	LongBeachcity	0.27	0.44	0.41	1	0.33	0.55	0.44	0.41	0.67	0.43	0.55	0.74	0.82	0.92	0.63	0.23	0.72	0.13	0.31	0.65	0.1	0.5	0.72	0.35	0.5	0.43
0.145	6	BeverlyHillscity	0.03	0.1	0.3	1	0.7	0.15	0.16	0.19	0.58	0.74	0.39	0.5	0.83	0.9	0.31	0	1	0.01	0.03	0.4	0.02	0	0.19	0.24	0	0.49
0.2867	34	Bayonnecity	0.09	0.17	0.3	1	0.34	0.26	0.22	0.35	0.38	0.62	0.32	0.4	0.23	0.25	0.24	0	0.36	0.02	0.03	0.25	0.03	0.57	0.12	0.96	0	0.49
0.2917	39	Cantoncity	0.35	0.02	0.4	1	0.14	0.72	0.58	0.77	0.75	0.38	0.15	0.17	0.02	0.02	0.05	0.02	0.06	0.02	0.03	0.25	0.05	0.5	0.14	0.14	0	0.93
0.2816	36	NiagaraFallscity	0.3	0.02	0.35	1	0.15	0.62	0.49	0.74	0.58	0.38	0.11	0.12	0.04	0.04	0.06	0.1	0.19	0.02	0.03	0.3	0.04	0.5	0.39	0.17	0	0.66
0.2226	48	Killeencity	0.59	0.26	0.56	1	0.18	0.2	0.38	0.64	0.53	0.63	0.38	0.46	0.2	0.2	0.1	0.01	0.25	0.01	0.01	0.2	0.08	0.36	0.26	0.01	0	1
0.2052	9	WestHaventown	0.24	0.06	0.32	1	0.4	0.22	0.15	0.32	0.5	0.58	0.36	0.48	0.18	0.21	0.1	0.04	0.25	0.01	0.02	0.23	0.02	0.21	0.07	0.19	0	0.58
0.0879	55	GreenBaycity	0.01	0.02	0.4	1	0.25	0.4	0.35	0.32	0.47	0.67	0.56	0.69	0.08	0.09	0.09	0.09	0.07	0.01	0.01	0.18	0.04	0.43	0.55	0.12	1	0.8
0.3645	53	Seattlecity	0.2	0.06	0.27	1	0.29	0.3	0.32	0.28	0.71	0.48	0.48	0.57	0.39	0.38	0.2	1	0.39	0.11	0.17	0.4	0.07	0.5	0.18	0.92	0.5	0.36
0.5417	1	Birminghamcity	1	0.01	0.41	0.99	0.13	0.52	0.66	0.62	0.79	0.16	0.69	0.67	0.05	0.04	0.02	0.32	0.03	0.14	0.23	0.43	0.1	0.57	0.3	0.2	0.5	0.38
0.2036	18	SouthBendcity	0.41	0.06	0.36	1	0.21	0.4	0.37	0.51	0.62	0.41	0.42	0.4	0.09	0.07	0.07	0.14	0.1	0.04	0.13	0.78	0.12	0.64	0.35	0.2	0.5	1
0.3604	42	Eriecity	0.23	0.04	0.46	1	0.17	0.63	0.51	0.59	0.57	0.41	0.18	0.22	0.03	0.03	0.08	0.13	0.06	0.03	0.05	0.33	0.03	0.57	0.06	0.21	0	0.43
0.2732	42	Readingcity	0.19	0.34	0.41	1	0.17	0.58	0.51	0.57	0.69	0.25	0.5	0.56	0.13	0.12	0.33	0.1	0.12	0.02	0.03	0.24	0.04	0.57	0.59	0.41	1	0.65
0.2931	34	Elizabethcity	0.39	0.73	0.39	1	0.26	0.55	0.42	0.67	0.54	0.38	0.45	0.58	1	1	1	0.04	1	0.05	0.06	0.27	0.08	0.93	0.37	0.59	1	0.76
0.5632	48	Brownsvillecity	0	1	0.72	1	0.07	1	1	1	0.41	0.47	0.3	0.46	0.54	0.69	1	0.02	0.86	0.02	0.03	0.34	0.03	0.14	0.67	0.13	0	0.5
0.4424	55	Milwaukeecity	0.59	0.11	0.44	1	0.2	0.75	0.59	0.59	0.64	0.21	0.37	0.44	0.11	0.11	0.12	0.3	0.14	0.41	0.16	0.1	0.16	0.79	0.57	0.62	0.5	0.24
0.3389	37	RockyMountcity	0.97	0.01	0.44	1	0.21	0.55	0.48	0.34	0.62	0.3	0.42	0.46	0.02	0.02	0.04	0.01	0.02	0.01	0.02	0.27	0.01	0.64	0.1	0.03	1	0.36
0.6216	24	Baltimorecity	1	0.02	0.38	1	0.21	0.81	0.58	0.61	0.79	0	0.41	0.46	0.08	0.07	0.06	0.67	0.09	0.63	0.74	0.33	0.37	0.64	0.18	1	0	0.36
0.1453	6	Oceansidecity	0.15	0.42	0.35	1	0.36	0.37	0.26	0.43	0.55	0.6	0.51	0.56	0.49	0.45	0.4	0.03	0.46	0.03	0.07	0.56	0.04	0.43	0.54	0.23	0.5	0.67
0.3828	6	Sacramentocity	0.3	0.3	0.37	1	0.27	0.79	0.45	0.49	0.8	0.4	0.42	0.62	0.35	0.44	0.39	0.75	0.41	0.12	0.15	0.34	0.19	0.79	0.24	0.23	0.5	0.89
0.647	48	Galvestoncity	0.57	0.4	0.38	0.99	0.15	0.45	0.64	0.59	0.83	0.28	0.32	0.51	0.15	0.2	0.2	0.06	0.23	0.02	0.03	0.3	0.03	0.5	0.32	0.18	1	0.44
0.5135	34	Irvingtontownship	1	0.19	0.45	1	0.31	0.56	0.32	0.67	0.65	0.18	0.44	0.61	0.53	0.61	0.3	0	0.59	0.02	0.02	0.22	0.01	0.57	0.11	1	0	0.19
0.3776	48	Wacocity	0.45	0.3	0.67	1	0.1	0.43	0.76	0.55	0.62	0.33	0.4	0.6	0.11	0.14	0.16	0.03	0.13	0.03	0.03	0.24	0.05	0.79	0.16	0.04	1	0.68
0.1626	53	Spokanecity	0.04	0.04	0.39	1	0.17	0.53	0.46	0.53	0.8	0.47	0.35	0.35	0.09	0.07	0.05	0.15	0.11	0.04	0.07	0.38	0.06	0.57	0.35	0.25	1	0.69
0.5038	53	Everettcity	0.03	0.05	0.34	1	0.28	0.52	0.31	0.39	0.89	0.47	0.32	0.51	0.13	0.17	0.11	0.13	0.19	0.02	0.06	0.54	0.04	0.64	0.43	0.2	0.5	0.83
0.32	6	MontereyParkcity	0.01	0.58	0.41	1	0.35	0.67	0.43	0.38	0.32	0.58	0.52	0.68	1	1	1	0	1	0	0.01	0.22	0.01	0.5	0.37	0.27	0.5	0.59
0.4258	48	Austincity	0.24	0.43	0.53	1	0.23	0.2	0.47	0.39	0.66	0.5	0.59	0.73	0.31	0.32	0.23	0.28	0.25	0.16	0.26	0.43	0.08	0.57	0.16	0.28	0.5	0.28
0.0093	34	Waynetownship	0.02	0.06	0.41	1	0.78	0.09	0.04	0.2	0.18	0.91	0.23	0.28	0.15	0.15	0.1	0	0.32	0.01	0.02	0.25	0.02	0.79	0.06	0.23	0	0.51
0.1051	9	Norwalktown	0.3	0.17	0.26	1	0.6	0.19	0.12	0.26	0.46	0.59	0.37	0.45	0.3	0.31	0.23	0.07	0.39	0.02	0.07	0.61	0.07	0.29	0.02	0.46	0	1
0.5689	6	SanBernardinocity	0.31	0.64	0.45	1	0.23	0.89	0.6	0.73	0.78	0.36	0.59	0.69	0.56	0.55	0.54	0.48	0.46	0.24	0.29	0.34	0.16	0.43	0.24	0.1	0.5	0.4
0.3698	40	MidwestCitycity	0.32	0.05	0.44	1	0.25	0.24	0.29	0.41	0.74	0.51	0.35	0.39	0.05	0.05	0.04	0.02	0.07	0.01	0.03	0.52	0.03	0.5	0.08	0	1	0.9
0.2354	47	Knoxvillecity	0.31	0.01	0.51	1	0.14	0.47	0.55	0.45	0.7	0.38	0.77	0.75	0.09	0.08	0.03	0.21	0.05	0.05	0.13	0.58	0.11	0.5	0.11	0.11	0	1
0.2844	55	Kenoshacity	0.12	0.11	0.43	1	0.27	0.48	0.33	0.5	0.56	0.53	0.25	0.27	0.08	0.07	0.1	0.04	0.14	0.02	0.04	0.32	0.03	0.36	0.14	0.11	0.5	0.51
0.1889	6	SantaRosacity	0.03	0.17	0.36	1	0.39	0.35	0.21	0.26	0.71	0.6	0.48	0.56	0.29	0.28	0.18	0.13	0.29	0.01	0.04	0.47	0.03	0.57	0.74	0.13	1	0.56
0.4543	39	Columbuscity	0.44	0.02	0.46	1	0.25	0.45	0.45	0.36	0.68	0.41	0.65	0.66	0.15	0.13	0.06	0.34	0.11	0.3	0.63	0.61	0.15	1	0.5	0.26	0.5	0.31
0.216	35	Albuquerquecity	0.06	0.64	0.39	1	0.26	0.25	0.36	0.39	0.71	0.53	0.37	0.51	0.13	0.15	0.17	0.15	0.16	0.03	0.09	0.57	0.06	0.64	0.32	0.11	0.5	0.77
0.212	39	Toledocity	0.38	0.07	0.45	1	0.22	0.6	0.5	0.67	0.66	0.41	0.48	0.45	0.08	0.06	0.05	0.15	0.08	0.14	0.18	0.34	0.11	0.79	0.23	0.17	0.5	0.45
0.5167	34	UnionCitycity	0.1	1	0.4	1	0.23	0.64	0.48	0.74	0.72	0.36	0.42	0.57	1	1	1	0.11	1	0.02	0.03	0.25	0.03	0.36	0.12	1	0	0.51
0.1452	9	Stamfordtown	0.35	0.18	0.26	1	0.63	0.25	0.15	0.29	0.43	0.57	0.47	0.51	0.54	0.49	0.25	0.08	0.55	0.05	0.04	0.18	0.05	0.5	0.17	0.63	0	0.45
0.1929	20	Wichitacity	0.22	0.09	0.37	1	0.27	0.29	0.32	0.35	0.66	0.58	0.48	0.63	0.12	0.13	0.08	0.12	0.12	0.08	0.18	0.57	0.05	0.36	0.24	0.06	0.5	0.32
0.1238	34	WestOrangetownship	0.11	0.08	0.25	1	0.63	0.15	0.1	0.21	0.25	0.82	0.34	0.42	0.34	0.34	0.22	0.01	0.47	0.01	0.01	0.2	0.01	0.5	0.16	0.43	1	0.43
0.5529	6	LosAngelescity	0.27	0.74	0.43	1	0.32	0.52	0.5	0.55	0.58	0.43	0.56	0.68	1	1	1	1	1	1	1	0.45	1	0.86	0.21	0.61	0.5	0.5
0.3218	48	CorpusChristicity	0.09	0.94	0.48	1	0.23	0.42	0.53	0.54	0.64	0.54	0.21	0.37	0.07	0.1	0.35	0.06	0.15	0.07	0.1	0.36	0.08	0.57	0.36	0.1	1	0.64
0.1712	44	Cranstoncity	0.05	0.04	0.29	1	0.38	0.3	0.16	0.36	0.42	0.71	0.16	0.27	0.07	0.1	0.12	0.05	0.21	0.02	0	0.02	0	0.64	0.67	0.15	0	0
0.0473	34	CherryHilltownship	0.06	0.03	0.36	1	0.7	0.1	0.05	0.14	0.24	0.88	0.21	0.32	0.12	0.16	0.09	0	0.28	0.01	0.02	0.23	0.01	0.43	0.2	0.39	0	0.26
0.5453	13	Albanycity	1	0.01	0.58	1	0.17	0.77	0.73	0.74	0.74	0.17	0.3	0.4	0.02	0.02	0.03	0.02	0.02	0.03	0.06	0.44	0.08	0.79	0.1	0.1	1	1
0.6963	42	Harrisburgcity	0.99	0.14	0.39	1	0.14	0.81	0.72	0.7	0.88	0	0.51	0.58	0.09	0.09	0.15	0.11	0.08	0.02	0.03	0.31	0.02	0.29	0.25	0.71	1	0.33
0.2705	36	WhitePlainscity	0.37	0.26	0.27	1	0.53	0.21	0.19	0.29	0.45	0.56	0.5	0.54	0.65	0.59	0.32	0.32	0.63	0.03	0.02	0.14	0.01	0.57	0.28	1	0	0.1
0.1737	25	Haverhillcity	0.04	0.1	0.33	1	0.42	0.4	0.22	0.45	0.47	0.59	0.31	0.32	0.11	0.09	0.09	0.03	0.17	0.01	0.02	0.35	0.01	0.64	0.16	0.14	0	0.45
0.6954	36	NewYorkcity	0.56	0.45	0.37	1	0.3	0.64	0.51	0.6	0.55	0.29	0.44	0.55	0.78	0.8	0.63	1	0.85	1	1	0.2	1	0.64	0.63	1	0.5	0.71
0.3303	6	PaloAltocity	0.06	0.09	0.25	0.99	0.72	0.14	0.11	0.08	0.58	0.73	0.54	0.56	0.6	0.52	0.13	0.01	0.54	0.01	0.01	0.19	0	0.64	0.5	0.15	0	0
0.5573	12	Sanfordcity	0.56	0.09	0.41	1	0.22	0.44	0.43	0.35	0.88	0.33	0.32	0.45	0.07	0.09	0.09	0.03	0.11	0.03	0.2	1	0.07	0.86	0.18	0.04	1	1
0.115	29	Independencecity	0.03	0.03	0.35	0.99	0.27	0.24	0.24	0.32	0.63	0.62	0.26	0.3	0.03	0.02	0.03	0	0.04	0.02	0.05	0.45	0.02	0.5	0.19	0.07	1	0.4
0.5732	18	Garycity	1	0.1	0.55	1	0.13	0.84	0.79	1	0.87	0	0.08	0.1	0.01	0.01	0.04	0.05	0.04	0.03	0.03	0.22	0.06	0.36	0.21	0.34	0.5	0.79
0.5959	34	Trentoncity	0.96	0.26	0.41	1	0.23	0.61	0.47	0.74	0.74	0.07	0.44	0.58	0.2	0.22	0.31	0.21	0.22	0.07	0.07	0.24	0.07	0.93	0.27	0.57	0	0.57
0.1435	25	Brocktoncity	0.25	0.12	0.42	1	0.33	0.71	0.35	0.61	0.53	0.45	0.5	0.53	0.34	0.31	0.22	0.15	0.33	0.03	0.04	0.28	0.03	0.64	0.08	0.31	0	0.34
0.1975	12	BocaRatoncity	0.06	0.1	0.29	1	0.51	0.09	0.13	0.15	0.42	0.78	0.48	0.52	0.39	0.36	0.15	0	0.39	0.01	0.03	0.38	0.03	0.43	0.09	0.03	1	0.66
0.0871	46	SiouxFallscity	0.01	0.01	0.4	1	0.26	0.22	0.22	0.13	0.48	0.71	0.48	0.55	0.05	0.05	0.04	0.06	0.05	0.02	0.02	0.23	0.01	0.43	0.25	0.03	0	0.31
0.8286	9	Hartfordtown	0.76	0.59	0.55	1	0.17	1	0.73	0.73	0.76	0	0.45	0.56	0.43	0.44	0.63	0.41	0.45	0.09	0.17	0.52	0.19	0.43	1	0.97	1	1
0.2099	37	Raleighcity	0.54	0.02	0.5	1	0.34	0.18	0.3	0.21	0.56	0.55	0.71	0.72	0.22	0.19	0.06	0.13	0.15	0.08	0.06	0.2	0.11	0.86	0.15	0.16	0.5	0.72
0.9429	13	Atlantacity	1	0.03	0.45	1	0.18	0.67	0.73	0.61	0.87	0	0.64	0.72	0.13	0.13	0.08	1	0.1	0.03	0.11	0.74	0.04	0.43	0	1	1	0.6
0.2237	25	Bostoncity	0.5	0.2	0.46	1	0.29	0.58	0.49	0.54	0.46	0.23	0.59	0.67	0.72	0.68	0.41	1	0.59	0.45	0.26	0.15	0.26	0.57	0.84	1	0.5	0.36
0.2166	51	Roanokecity	0.47	0.01	0.32	1	0.18	0.42	0.42	0.32	0.75	0.36	0.45	0.47	0.04	0.04	0.04	0.17	0.04	0.04	0.04	0.24	0.05	0.93	0.22	0.17	0	0.6
0.5506	47	Chattanoogacity	0.66	0.01	0.4	1	0.17	0.47	0.48	0.43	0.76	0.3	0.41	0.52	0.04	0.05	0.03	0.09	0.05	0.07	0.07	0.26	0.1	0.5	0.16	0.17	0	0.72
0.811	42	Philadelphiacity	0.78	0.1	0.41	1	0.21	0.68	0.54	0.65	0.6	0.21	0.42	0.51	0.17	0.17	0.17	1	0.19	1	1	0.58	1	0.93	0.1	1	0	0.43
0.2951	51	Portsmouthcity	0.92	0.02	0.41	1	0.21	0.5	0.47	0.47	0.72	0.26	0.29	0.43	0.02	0.03	0.04	0	0.03	0.03	0.07	0.49	0.05	0.29	0.26	0.19	0	0.69
0.651	13	Augustacity	1	0.01	0.38	1	0.06	0.87	0.89	0.65	0.93	0	0.53	0.54	0.06	0.05	0.03	0.05	0.05	0.05	0.02	0.09	0.1	0.57	0.12	0.22	0	0.98
0.6122	48	Dallascity	0.57	0.39	0.38	1	0.26	0.27	0.47	0.48	0.78	0.39	0.48	0.7	0.37	0.45	0.39	0.7	0.37	0.58	0.78	0.39	0.33	0.57	0.26	0.37	0.5	0.35
0.1048	48	Pasadenacity	0.02	0.53	0.47	1	0.28	0.24	0.37	0.47	0.71	0.63	0.36	0.55	0.24	0.31	0.36	0	0.32	0.03	0.03	0.18	0.05	0.64	0.06	0.02	1	0.73
0.0569	6	NewportBeachcity	0.01	0.07	0.22	1	0.8	0.08	0.14	0.13	0.71	0.73	0.32	0.38	0.18	0.17	0.06	0.03	0.27	0.02	0.03	0.29	0.02	0.5	0.74	0.05	1	0.35
0.6135	39	Springfieldcity	0.34	0.01	0.5	1	0.16	0.71	0.55	0.58	0.71	0.4	0.35	0.32	0.02	0.02	0.02	0	0.03	0.01	0.05	0.75	0.02	0.57	0.14	0.06	0	0.61
1	6	Comptoncity	1	0.81	0.61	1	0.22	1	0.73	1	0.63	0.2	0.5	0.69	0.82	0.94	1	0.02	0.8	0.01	0.09	1	0.04	0.5	0.25	0.36	0.5	0.98
0.5818	13	Maconcity	1	0.01	0.47	1	0.16	0.76	0.65	0.55	0.81	0.15	0.67	0.57	0.03	0.02	0.02	0.08	0.02	0.04	0.05	0.25	0.07	0.5	0.11	0.15	1	0.71
0.2391	6	Downeycity	0.07	0.6	0.41	1	0.42	0.32	0.2	0.32	0.61	0.55	0.36	0.48	0.57	0.64	0.51	0	0.77	0.01	0.01	0.18	0.02	0.5	0.92	0.1	0.5	0.59
0.1837	23	Portlandcity	0.02	0.01	0.32	1	0.25	0.46	0.37	0.42	0.65	0.47	0.53	0.53	0.17	0.14	0.05	0.11	0.15	0.02	0.04	0.38	0.03	0.71	0.09	0.21	1	0.5
0.0304	48	Planocity	0.08	0.11	0.44	1	0.7	0.05	0.07	0.12	0.37	0.87	0.5	0.67	0.23	0.26	0.14	0	0.22	0.02	0.03	0.22	0.01	0.64	0.07	0.07	0	0.24
0.0876	51	Alexandriacity	0.43	0.18	0.16	1	0.49	0.13	0.18	0.17	0.71	0.44	0.72	0.8	0.72	0.66	0.32	0.22	0.48	0.04	0.04	0.19	0.1	0.57	0.57	1	0	1
0.0961	44	Warwickcity	0.02	0.02	0.33	1	0.4	0.24	0.11	0.32	0.4	0.76	0.14	0.17	0.04	0.04	0.04	0	0.12	0.02	0.04	0.33	0.02	0.79	0.15	0.1	0	0.37
0.6239	34	EastOrangecity	1	0.07	0.42	1	0.25	0.72	0.47	0.81	0.87	0	0.47	0.66	0.38	0.44	0.13	0.2	0.38	0.04	0.09	0.51	0.07	0.57	0.28	1	0.5	0.8
0.5143	36	Schenectadycity	0.17	0.05	0.39	1	0.21	0.51	0.39	0.45	0.64	0.39	0.24	0.32	0.08	0.09	0.09	0.18	0.16	0.02	0.12	1	0.03	0.57	0.5	0.28	0	0.49
0.2594	47	Jacksoncity	0.78	0.01	0.5	1	0.16	0.57	0.55	0.43	0.65	0.28	0.9	0.7	0.04	0.02	0.03	0.01	0.01	0.02	0.01	0.15	0	0.36	0.19	0.09	1	0
0.5983	5	PineBluffcity	1	0.01	0.52	1	0.12	0.66	0.74	0.76	0.61	0.26	0.56	0.47	0.02	0.02	0.03	0.02	0.02	0.01	0.02	0.23	0.04	0.43	0.19	0.05	1	1
0.1791	25	Cambridgecity	0.26	0.12	0.52	1	0.35	0.3	0.27	0.3	0.41	0.45	0.62	0.67	0.86	0.77	0.27	0.15	0.66	0.05	0.05	0.24	0.04	0.57	0.35	1	0.5	0.42
0.2551	34	Hackensackcity	0.48	0.28	0.21	1	0.45	0.27	0.17	0.35	0.63	0.41	0.42	0.57	0.61	0.69	0.41	0.05	0.7	0.01	0.01	0.21	0.05	0.64	0.06	0.8	0.5	1
0.1436	12	Plantationcity	0.12	0.15	0.35	1	0.5	0.1	0.08	0.2	0.46	0.77	0.32	0.41	0.27	0.3	0.12	0	0.41	0.02	0.02	0.23	0.04	0.57	0.12	0.05	0.5	0.86
0.0496	34	Edisontownship	0.11	0.08	0.3	1	0.63	0.12	0.08	0.24	0.27	0.84	0.5	0.58	0.54	0.53	0.17	0.06	0.53	0.03	0.02	0.2	0.03	0.14	0.11	0.56	0	0.41
0.106	9	Greenwichtown	0.04	0.08	0.29	0.87	0.88	0.1	0.06	0.19	0.3	0.84	0.57	0.55	0.61	0.49	0.17	0.04	0.52	0.02	0.02	0.15	0.01	0.21	0.24	0.88	0	0.13
0.1195	48	Mesquitecity	0.11	0.16	0.42	1	0.4	0.18	0.19	0.27	0.64	0.68	0.38	0.54	0.11	0.13	0.08	0	0.13	0.02	0.03	0.3	0.03	0.5	0.02	0.07	0	0.58
0.2243	18	Hammondcity	0.18	0.22	0.41	1	0.25	0.39	0.35	0.59	0.6	0.5	0.15	0.19	0.04	0.04	0.09	0.08	0.13	0.03	0.04	0.28	0.01	0.71	0.1	0.25	1	0.22
0.2744	6	Salinascity	0.06	0.94	0.49	1	0.32	0.57	0.41	0.74	0.57	0.54	0.42	0.54	0.68	0.73	1	0.04	0.79	0.02	0.04	0.47	0.04	0.86	0.32	0.13	0.5	0.86
0.4687	12	Sarasotacity	0.32	0.09	0.27	1	0.22	0.26	0.34	0.26	0.84	0.26	0.3	0.36	0.12	0.12	0.09	0.05	0.19	0.07	0.05	0.16	0.1	0.64	0.06	0.09	0	0.7
0.2804	48	Irvingcity	0.15	0.3	0.38	1	0.33	0.09	0.27	0.31	0.74	0.59	0.56	0.79	0.43	0.51	0.31	0	0.37	0.04	0.05	0.31	0.04	0.71	0.13	0.08	1	0.52
0.8068	12	Gainesvillecity	0.42	0.08	0.9	1	0.16	0.31	0.7	0.41	0.46	0.41	0.74	0.75	0.37	0.31	0.06	0.02	0.24	0.03	0.03	0.21	0.06	0.43	0.19	0.15	1	0.86
0.1804	13	Mariettacity	0.4	0.06	0.34	1	0.26	0.21	0.37	0.31	0.82	0.45	0.64	0.82	0.2	0.22	0.1	0.04	0.15	0.06	0.1	0.41	0.16	0.79	0.28	0.07	0	1
0.1802	6	WestCovinacity	0.17	0.64	0.48	1	0.51	0.37	0.19	0.28	0.51	0.6	0.41	0.56	0.63	0.72	0.37	0	0.75	0.01	0.05	0.66	0.04	0.29	0.75	0.17	0.5	1
0.0792	25	Brooklinetown	0.06	0.05	0.26	1	0.56	0.18	0.22	0.27	0.35	0.72	0.64	0.61	0.84	0.67	0.2	0.01	0.64	0.02	0.02	0.21	0.01	0.43	0.04	1	0	0.29
0.1549	18	CrownPointcity	0.03	0.04	0.36	1	0.43	0.08	0.08	0.31	0.34	0.83	0.05	0.12	0.02	0.04	0.09	0	0.17	0.02	0	0.02	0.06	0.36	0.41	0.06	0	0.97
0.3131	6	Haywardcity	0.19	0.44	0.37	1	0.4	0.48	0.25	0.37	0.64	0.51	0.52	0.63	0.67	0.68	0.4	0.08	0.63	0.02	0.07	0.62	0.04	0.5	1	0.45	1	0.77
0.1755	29	KansasCitycity	0.58	0.07	0.36	1	0.25	0.37	0.4	0.46	0.76	0.36	0.34	0.44	0.06	0.06	0.06	0.35	0.08	0.24	0.32	0.37	0.16	0.43	0.19	0.32	1	0.39
0.1798	9	WestHartfordtown	0.04	0.06	0.3	1	0.63	0.17	0.08	0.21	0.27	0.83	0.32	0.32	0.24	0.2	0.15	0	0.36	0.01	0.04	0.46	0.02	0.57	1	0.24	1	0.42
0.0964	4	Scottsdalecity	0.01	0.09	0.26	0.97	0.45	0.1	0.14	0.24	0.65	0.68	0.33	0.38	0.13	0.12	0.06	0	0.18	0.02	0.04	0.31	0.03	0.5	0.38	0.06	1	0.53
0.2489	34	Bloomfieldtownship	0.08	0.09	0.26	1	0.46	0.16	0.14	0.33	0.33	0.76	0.41	0.48	0.33	0.32	0.15	0	0.39	0.01	0.02	0.3	0	0.5	0.14	0.55	0	0
0.6077	39	Cincinnaticity	0.74	0.01	0.41	1	0.16	0.7	0.65	0.51	0.74	0.18	0.48	0.53	0.08	0.07	0.04	0.58	0.08	0.2	0.11	0.14	0.17	0.57	0.17	0.63	1	0.51
0.23	13	Columbuscity	0.74	0.05	0.49	0.97	0.21	0.47	0.49	0.45	0.71	0.39	0.4	0.4	0.08	0.07	0.05	0.15	0.1	0.07	0.07	0.25	0.11	0.57	0	0.08	0.5	0.84
0.5322	1	Tuscaloosacity	0.69	0.01	0.82	1	0.13	0.39	0.71	0.44	0.48	0.34	0.96	0.8	0.13	0.09	0.03	0.01	0.06	0.02	0.03	0.27	0.07	0.43	0.11	0.03	1	1
0.4649	48	Beaumontcity	0.8	0.08	0.43	1	0.21	0.45	0.56	0.51	0.71	0.41	0.47	0.58	0.09	0.1	0.08	0.07	0.09	0.03	0.06	0.37	0.03	0.5	0.14	0.08	1	0.33
0.6983	39	Clevelandcity	0.91	0.08	0.39	1	0.1	1	0.76	0.99	0.84	0.1	0.29	0.34	0.07	0.07	0.13	0.34	0.12	0.38	0.52	0.39	0.22	0.57	0.23	0.8	0.5	0.34
0.5462	34	Plainfieldcity	1	0.28	0.42	1	0.44	0.44	0.32	0.57	0.61	0.21	0.7	0.71	0.64	0.55	0.4	0	0.45	0.01	0.02	0.28	0.03	0.36	0.21	0.4	0	0.65
0.0959	34	Uniontownship	0.18	0.08	0.33	1	0.51	0.12	0.09	0.25	0.24	0.78	0.19	0.26	0.17	0.2	0.17	0.01	0.44	0.01	0.01	0.13	0.02	0.71	0.12	0.32	0	0.54
0.5258	44	Providencecity	0.29	0.29	0.62	1	0.17	0.8	0.61	0.61	0.52	0.25	0.62	0.7	0.75	0.71	0.55	0.14	0.58	0.08	0.2	0.63	0.12	0.07	0.4	0.43	1	0.77
0.1353	41	OregonCitycity	0.01	0.04	0.44	1	0.28	0.21	0.23	0.16	0.68	0.62	0.22	0.31	0.03	0.04	0.03	0	0.07	0.02	0.02	0.2	0.03	0.43	0.66	0.14	1	0.46
0.4511	39	Daytoncity	0.79	0.01	0.47	1	0.13	0.76	0.71	0.71	0.9	0.13	0.31	0.43	0.03	0.03	0.02	0.24	0.04	0.1	0.11	0.27	0.04	0.79	0.66	0.42	0	0.24
0.2078	44	Newportcity	0.16	0.05	0.5	1	0.31	0.44	0.32	0.36	0.57	0.48	0.44	0.45	0.14	0.12	0.06	0.02	0.15	0.01	0.02	0.36	0.03	0.36	0.44	0.12	0	0.79
0.0695	6	Sunnyvalecity	0.07	0.24	0.24	1	0.57	0.21	0.11	0.21	0.63	0.64	0.54	0.65	0.75	0.75	0.29	0	0.67	0.01	0.03	0.39	0.01	0.71	0.9	0.14	1	0.36
0.4604	48	ElPasocity	0.07	1	0.58	1	0.2	0.47	0.67	0.66	0.54	0.53	0.35	0.43	0.5	0.51	0.95	0.21	0.7	0.15	0.28	0.51	0.13	0.36	0.23	0.17	0.5	0.5
0.184	25	Framinghamtown	0.07	0.15	0.36	1	0.52	0.26	0.15	0.4	0.42	0.69	0.55	0.56	0.4	0.34	0.21	0.05	0.35	0.01	0.03	0.38	0.02	0.36	0.25	0.16	0	0.57
0.3834	12	PompanoBeachcity	0.56	0.1	0.18	1	0.3	0.25	0.42	0.39	0.7	0.17	0.42	0.63	0.37	0.46	0.26	0.01	0.42	0.04	0.08	0.45	0.12	0.93	0.11	0.2	1	1
0.7498	11	Washingtoncity	1	0.1	0.39	1	0.32	0.43	0.44	0.44	0.75	0	0.64	0.69	0.38	0.34	0.16	1	0.29	1	0.44	0.11	0.73	0.86	0.51	1	0	0.45
0.2453	55	Madisoncity	0.08	0.04	0.63	1	0.29	0.24	0.42	0.17	0.4	0.65	0.82	0.8	0.29	0.23	0.07	0.12	0.17	0.05	0.05	0.23	0.08	0.57	0.44	0.43	1	0.72
0.4342	6	Hawthornecity	0.55	0.58	0.4	1	0.32	0.45	0.36	0.43	0.77	0.38	0.51	0.64	0.92	0.97	0.67	0	0.87	0.01	0.03	0.51	0.01	0.57	0.47	0.29	0.5	0.47
0.2278	6	SanJosecity	0.09	0.49	0.43	1	0.57	0.43	0.24	0.33	0.54	0.58	0.5	0.67	0.81	0.9	0.59	0.54	0.79	0.07	0.11	0.39	0.02	0.86	1	0.2	1	0.16
0.1578	49	SaltLakeCitycity	0.03	0.18	0.4	1	0.18	0.31	0.43	0.33	0.68	0.6	0.59	0.61	0.3	0.26	0.13	0.32	0.24	0.06	0.06	0.23	0.09	0.79	0.09	0.32	0.5	0.7
0.1069	8	Bouldercity	0.02	0.09	0.76	1	0.29	0.12	0.5	0.29	0.49	0.63	0.73	0.69	0.36	0.29	0.08	0.12	0.24	0.01	0.06	0.7	0.03	0.64	0.35	0.31	0	0.77
0.1168	55	WestAlliscity	0.01	0.02	0.26	1	0.3	0.25	0.13	0.21	0.48	0.7	0.18	0.16	0.03	0.02	0.03	0	0.08	0.01	0.02	0.23	0.05	0.93	0.1	0.23	0	1
0.2595	34	Vinelandcity	0.22	0.44	0.44	1	0.32	0.41	0.28	0.46	0.53	0.44	0.15	0.21	0.05	0.06	0.39	0.07	0.17	0.01	0.02	0.28	0.03	0.29	0.39	0.1	0	0.77
0.3692	48	SanAntoniocity	0.14	1	0.5	1	0.2	0.46	0.6	0.59	0.69	0.47	0.28	0.42	0.16	0.2	0.46	0.41	0.27	0.34	0.33	0.26	0.11	0.79	0.48	0.28	0	0.2
0.3513	22	Lafayettecity	0.53	0.03	0.53	1	0.19	0.38	0.58	0.58	0.54	0.51	0.7	0.73	0.11	0.1	0.09	0.03	0.07	0.02	0.04	0.35	0.07	0.43	0.42	0.12	0	1
0.0061	9	Westporttown	0.02	0.04	0.29	1	1	0.07	0.07	0.14	0.38	0.86	0.48	0.52	0.36	0.32	0.05	0.01	0.36	0	0.01	0.26	0.01	0.29	0.62	0.98	1	0.32
0.1553	6	Fremontcity	0.07	0.25	0.35	1	0.65	0.26	0.1	0.22	0.48	0.74	0.42	0.58	0.52	0.59	0.24	0.04	0.6	0.03	0.03	0.22	0.03	0.93	0.36	0.26	0.5	0.37
0.1825	40	Normancity	0.07	0.04	0.69	0.93	0.22	0.14	0.39	0.37	0.51	0.67	0.81	0.77	0.22	0.17	0.05	0.02	0.12	0.01	0.02	0.23	0.04	0.71	0.45	0.07	0	0.93
0.3275	6	Burbankcity	0.03	0.42	0.3	1	0.4	0.32	0.21	0.3	0.68	0.59	0.43	0.56	0.68	0.74	0.49	0.03	0.77	0.02	0.01	0.15	0.03	0.64	1	0.18	0.5	0.56
0.976	12	Miamicity	0.53	1	0.33	1	0.09	0.89	0.83	0.75	0.87	0.12	0.45	0.59	1	1	1	0.52	1	0.54	1	0.54	0.49	0.86	0.43	0.73	0.5	0.56
0.1163	9	Milfordtown	0.03	0.04	0.32	1	0.54	0.13	0.08	0.33	0.4	0.76	0.22	0.23	0.07	0.06	0.04	0.03	0.15	0.01	0.01	0.2	0.02	0.36	0.34	0.16	0	0.58
0.6794	25	NewBedfordcity	0.08	0.12	0.4	1	0.18	0.84	0.44	0.84	0.55	0.44	0.22	0.29	0.28	0.31	0.67	0.05	0.62	0.04	0.06	0.37	0.05	0.14	0.55	0.19	0	0.61
0.6338	6	Oaklandcity	0.86	0.26	0.36	1	0.26	0.88	0.5	0.63	0.79	0.23	0.53	0.71	0.64	0.72	0.56	0.25	0.59	0.12	0.58	1	0.08	0.64	0.42	1	1	0.38
0.2518	51	Hamptoncity	0.76	0.03	0.47	1	0.31	0.26	0.28	0.35	0.58	0.54	0.36	0.43	0.06	0.06	0.04	0.01	0.08	0.03	0.06	0.42	0.07	0.5	0.09	0.13	0.5	0.91
0.2641	6	Vallejocity	0.41	0.2	0.43	1	0.41	0.52	0.21	0.41	0.59	0.56	0.35	0.49	0.39	0.45	0.16	0.03	0.54	0.01	0.04	0.43	0.05	0.36	0.76	0.21	0.5	1
0.5708	6	SantaAnacity	0.05	1	0.58	1	0.39	0.4	0.48	0.56	0.38	0.51	0.68	0.77	1	1	1	0.11	1	0.07	0.42	1	0.08	0.43	0.27	0.48	0.5	0.59
0.0556	34	OldBridgetownship	0.07	0.09	0.35	0.97	0.59	0.14	0.08	0.25	0.3	0.83	0.35	0.43	0.25	0.26	0.11	0	0.35	0	0.01	0.17	0.01	0.36	0.14	0.77	0	0.35
0.3346	12	Tallahasseecity	0.57	0.05	0.84	1	0.2	0.21	0.59	0.33	0.53	0.38	0.57	0.63	0.16	0.14	0.05	0.09	0.13	0.05	0.14	0.67	0.07	0.43	0.28	0.16	0.5	0.68
0.2887	12	CoralGablescity	0.07	0.78	0.55	1	0.59	0.17	0.16	0.21	0.49	0.72	0.29	0.33	0.63	0.6	0.45	0	1	0.02	0.02	0.19	0.03	0.14	0.3	0.17	1	0.62
0.2868	41	Portlandcity	0.15	0.06	0.32	1	0.23	0.32	0.38	0.38	0.81	0.49	0.52	0.61	0.25	0.24	0.14	0.91	0.22	0.16	0.16	0.27	0.14	0.57	0.34	0.64	0.5	0.49
0.1469	48	Midlandcity	0.18	0.39	0.39	1	0.33	0.21	0.38	0.38	0.56	0.67	0.33	0.53	0.13	0.17	0.26	0.04	0.18	0.02	0.03	0.25	0.01	0.5	0.15	0.01	0	0.27
0.1644	34	Kearnytown	0.02	0.32	0.37	1	0.43	0.23	0.15	0.38	0.3	0.74	0.49	0.49	0.81	0.67	0.52	0	0.8	0.02	0	0.05	0.02	0.64	0.37	0.56	0	0.47
0.5731	6	Bakersfieldcity	0.18	0.38	0.43	1	0.34	0.58	0.39	0.45	0.69	0.52	0.44	0.58	0.21	0.24	0.22	0.2	0.23	0.04	0.1	0.56	0.09	0.57	0.29	0.07	0	1
0.4943	42	Pittsburghcity	0.5	0.02	0.44	1	0.15	0.67	0.57	0.6	0.54	0.29	0.5	0.45	0.14	0.11	0.06	0.41	0.13	0.04	0	0	0.07	0.64	0.74	1	0	0.89
0.1512	19	Waterloocity	0.24	0.01	0.39	1	0.2	0.51	0.44	0.46	0.54	0.51	0.14	0.16	0.01	0.01	0.02	0.01	0.02	0.01	0.01	0.2	0.02	0.5	0.45	0.08	1	0.45
0.1498	9	Danburytown	0.13	0.14	0.37	1	0.53	0.18	0.14	0.32	0.44	0.69	0.53	0.58	0.49	0.45	0.31	0.04	0.44	0.02	0.05	0.54	0.1	0.64	0.42	0.13	0	1
0.3388	48	Tylercity	0.55	0.16	0.47	1	0.2	0.34	0.52	0.53	0.62	0.51	0.59	0.69	0.19	0.19	0.16	0.01	0.15	0.02	0.01	0.1	0.02	0.43	0.42	0.02	0.5	0.45
0.5131	22	NewOrleanscity	1	0.06	0.48	1	0.11	0.72	0.85	0.86	0.75	0.07	0.35	0.48	0.09	0.1	0.09	0.46	0.12	0.3	0.24	0.21	0.26	0.64	0.54	0.95	0.5	0.52
0.3825	6	SanMateocity	0.07	0.29	0.24	1	0.52	0.16	0.15	0.23	0.6	0.66	0.45	0.52	0.66	0.65	0.44	0.17	0.71	0.01	0.04	0.48	0.02	0.57	0.38	0.38	1	0.56
0.123	48	Longviewcity	0.39	0.07	0.44	1	0.23	0.28	0.45	0.46	0.65	0.56	0.52	0.64	0.08	0.08	0.07	0.02	0.07	0.01	0.04	0.45	0.03	0.43	0.27	0.01	1	0.56
0.3013	48	Odessacity	0.12	0.58	0.45	1	0.21	0.32	0.51	0.48	0.65	0.61	0.25	0.4	0.12	0.15	0.37	0.03	0.22	0.02	0.03	0.24	0.02	0.36	0.1	0	1	0.36
0.3697	6	Fresnocity	0.16	0.55	0.47	1	0.22	0.97	0.64	0.56	0.67	0.44	0.59	0.72	0.62	0.63	0.63	0.39	0.51	0.08	0.15	0.46	0.15	0.93	0.86	0.12	0.5	1
0.4292	22	Alexandriacity	0.96	0.02	0.46	1	0.11	0.71	0.77	0.77	0.69	0.19	0.36	0.42	0.03	0.02	0.03	0.03	0.03	0.04	0	0.02	0.04	0.5	0	0.17	1	0.5
0.2282	48	McAllencity	0.01	1	0.63	1	0.17	0.68	0.88	0.7	0.39	0.59	0.39	0.49	0.63	0.66	1	0.03	0.79	0.02	0.02	0.17	0	0.29	0.47	0.03	1	0
0.099	40	Tulsacity	0.26	0.05	0.39	1	0.23	0.27	0.39	0.37	0.76	0.53	0.47	0.57	0.09	0.09	0.06	0.2	0.08	0.14	0.17	0.32	0.12	0.93	0.23	0.08	0.5	0.47
0.5316	4	Phoenixcity	0.1	0.37	0.41	1	0.29	0.27	0.37	0.41	0.73	0.53	0.53	0.61	0.28	0.27	0.25	1	0.25	0.42	0.74	0.5	0.18	0.93	0.35	0.18	0.5	0.26
0.2947	4	Glendalecity	0.06	0.29	0.5	1	0.33	0.23	0.3	0.36	0.64	0.6	0.45	0.53	0.17	0.16	0.16	0	0.17	0.03	0.04	0.29	0.07	1	0.79	0.09	0.5	1
0.2673	32	LasVegascity	0.22	0.23	0.34	1	0.31	0.28	0.3	0.41	0.96	0.49	0.48	0.58	0.3	0.3	0.24	0.2	0.3	0.25	0.33	0.37	0.11	0.71	0.12	0.16	0.5	0.27
0.2414	25	Somervillecity	0.11	0.11	0.34	1	0.34	0.35	0.3	0.39	0.32	0.54	0.55	0.61	0.75	0.7	0.42	0.03	0.66	0.02	0.02	0.22	0.02	0.29	0.19	1	0	0.46
0.1075	48	Richardsoncity	0.09	0.08	0.4	1	0.64	0.07	0.1	0.2	0.47	0.78	0.57	0.71	0.34	0.36	0.14	0	0.29	0.02	0.02	0.2	0.01	0.5	0.19	0.11	0	0.3
0.2696	12	MiamiBeachcity	0.1	0.87	0.15	1	0.06	0.5	0.67	0.59	0.84	0.35	0.4	0.52	1	1	1	0.04	1	0.06	0.09	0.39	0.07	0.5	0.3	0.83	0.5	0.59
0.267	25	FallRivercity	0.02	0.03	0.39	1	0.18	0.77	0.37	0.67	0.47	0.54	0.19	0.24	0.24	0.26	0.53	0.04	0.62	0.04	0.06	0.37	0.05	0.21	0.38	0.11	0	0.61
0.6744	34	Camdencity	1	0.58	0.57	1	0.1	1	0.98	1	0.83	0	0.62	0.71	0.15	0.14	0.46	0.17	0.11	0.05	0.05	0.25	0.03	0.79	0.3	1	0.5	0.32
0.5362	28	Jacksoncity	1	0.01	0.51	1	0.19	0.52	0.6	0.58	0.64	0.26	0.71	0.68	0.04	0.04	0.03	0.05	0.03	0.06	0.1	0.37	0.05	0.57	0.13	0.1	0.5	0.41
0.2488	36	Binghamtoncity	0.1	0.03	0.4	1	0.15	0.51	0.53	0.54	0.61	0.46	0.53	0.5	0.2	0.15	0.08	0.05	0.17	0.02	0.01	0.15	0.02	0.71	0.15	0.35	0	0.45
0.554	12	DaytonaBeachcity	0.6	0.04	0.51	1	0.12	0.37	0.6	0.51	0.73	0.1	0.38	0.39	0.17	0.14	0.06	0.05	0.21	0.03	0.05	0.35	0.05	0.64	0.66	0.19	0	0.66
0.2948	39	Hamiltoncity	0.14	0.01	0.39	1	0.19	0.52	0.44	0.52	0.71	0.5	0.39	0.33	0.02	0.01	0.02	0.04	0.01	0.01	0.03	0.42	0.07	0.36	0.32	0.09	0	1
0.5194	6	Stocktoncity	0.19	0.46	0.48	1	0.25	1	0.57	0.7	0.65	0.5	0.47	0.71	0.66	0.83	0.73	0.3	0.67	0.04	0.11	0.61	0.07	0.57	0.66	0.11	0.5	0.81
0.4783	36	Rochestercity	0.61	0.16	0.41	1	0.18	0.81	0.62	0.58	0.75	0.11	0.37	0.46	0.14	0.15	0.16	0.17	0.18	0.13	0.23	0.49	0.12	0.43	0.6	0.6	1	0.56
0.3462	34	Montclairtownship	0.6	0.06	0.31	1	0.67	0.15	0.15	0.32	0.47	0.63	0.42	0.47	0.29	0.27	0.05	0.01	0.33	0.01	0.01	0.23	0.01	0.21	0.37	1	0	0.42
0.4595	1	Mobilecity	0.76	0.02	0.46	1	0.18	0.4	0.59	0.61	0.66	0.35	0.56	0.55	0.07	0.06	0.04	0.12	0.06	0.07	0.06	0.24	0.07	0.86	1	0.09	1	0.51
0.2136	18	TerreHautecity	0.18	0.02	0.63	1	0.12	0.46	0.54	0.55	0.67	0.48	0.7	0.73	0.11	0.09	0.05	0.04	0.07	0.01	0.02	0.25	0.03	0.43	0.09	0.07	0	0.7
0.1035	8	Arvadacity	0.01	0.14	0.43	1	0.45	0.13	0.15	0.3	0.56	0.72	0.37	0.44	0.08	0.08	0.06	0.01	0.1	0.01	0.07	0.9	0.03	0.64	0.18	0.17	1	0.63
0.1204	2	Anchoragecity	0.13	0.07	0.41	0.98	0.53	0.3	0.18	0.4	0.72	0.66	0.45	0.54	0.16	0.16	0.09	0.18	0.17	0.05	0.05	0.26	0.06	0.71	0	0.14	1	0.62
0.1431	42	Scrantoncity	0.03	0.01	0.43	1	0.16	0.47	0.4	0.41	0.42	0.57	0.27	0.34	0.04	0.04	0.04	0.02	0.07	0.02	0.03	0.28	0.03	0.43	0.31	0.17	0	0.59
0.1813	6	Oxnardcity	0.1	1	0.52	1	0.42	0.53	0.32	0.42	0.49	0.53	0.46	0.53	0.88	0.85	1	0.18	0.94	0.02	0.08	0.81	0.02	0.57	0.52	0.06	1	0.43
0.7206	47	Memphiscity	1	0.01	0.45	1	0.18	0.57	0.61	0.58	0.78	0.15	0.5	0.57	0.04	0.04	0.04	0.18	0.04	0.3	0.32	0.3	0.44	0.79	0.48	0.26	0.5	0.89
0.6822	22	Monroecity	1	0.01	0.65	1	0.08	0.79	1	0.83	0.62	0.05	0.73	0.73	0.06	0.05	0.03	0.01	0.04	0.01	0.02	0.21	0.02	0.64	0.41	0.21	0.5	0.49
0.158	6	Orangecity	0.03	0.42	0.44	1	0.58	0.26	0.2	0.25	0.54	0.62	0.63	0.69	0.78	0.72	0.59	0.09	0.6	0.02	0.01	0.13	0.03	0.57	0.38	0.14	0.5	0.61
0.3903	34	WestNewYorktown	0.08	1	0.37	1	0.24	0.56	0.43	0.57	0.64	0.41	0.35	0.5	1	1	1	0	1	0.01	0.01	0.2	0.02	0.5	0.48	1	0	0.51
0.2221	53	Tacomacity	0.22	0.07	0.39	1	0.23	0.55	0.44	0.46	0.8	0.44	0.34	0.51	0.16	0.2	0.15	0.23	0.23	0.04	0.09	0.54	0.04	0.93	0.32	0.22	1	0.45
0.3785	22	LakeCharlescity	0.81	0.02	0.47	1	0.16	0.56	0.63	0.72	0.64	0.38	0.3	0.44	0.02	0.02	0.06	0.01	0.02	0.01	0.02	0.19	0.03	0.79	0.38	0.05	0	0.72
0.15	41	Salemcity	0.03	0.11	0.38	1	0.22	0.36	0.38	0.4	0.78	0.55	0.52	0.59	0.18	0.17	0.12	0.1	0.16	0.02	0.03	0.28	0.05	0.43	0.34	0.14	0	1
0.5183	34	Hobokencity	0.11	0.56	0.29	1	0.38	0.42	0.43	0.38	0.45	0.3	0.34	0.46	0.35	0.39	0.57	0.05	0.5	0.01	0.02	0.25	0.05	0.71	0	1	0	1
0.4802	36	Syracusecity	0.4	0.05	0.57	1	0.16	0.62	0.6	0.53	0.57	0.22	0.51	0.45	0.2	0.15	0.11	0.24	0.19	0.09	0.08	0.24	0.12	0.21	0.24	0.61	0	0.78
0.1553	12	Sunrisecity	0.14	0.16	0.25	1	0.33	0.13	0.16	0.28	0.43	0.73	0.27	0.38	0.27	0.32	0.12	0	0.48	0.01	0.02	0.22	0.03	0.86	0.04	0.06	0.5	0.58
0.2869	6	GardenGrovecity	0.03	0.43	0.43	1	0.47	0.45	0.27	0.38	0.54	0.58	0.61	0.79	1	1	0.85	0.03	0.91	0.02	0.03	0.26	0.02	0.43	0.58	0.17	0.5	0.37
0.3246	22	Shreveportcity	0.87	0.02	0.45	1	0.17	0.53	0.67	0.79	0.73	0.24	0.45	0.45	0.03	0.02	0.03	0.07	0.03	0.08	0.26	0.84	0.17	0.64	0.34	0.19	0.5	1
0.1056	6	Fullertoncity	0.04	0.39	0.45	1	0.5	0.22	0.25	0.26	0.51	0.63	0.55	0.62	0.8	0.75	0.56	0.04	0.7	0.02	0.02	0.21	0.04	0.93	0.45	0.13	1	0.75
0.0767	27	Minneapoliscity	0.25	0.04	0.34	1	0.23	0.51	0.49	0.42	0.63	0.33	0.64	0.72	0.24	0.23	0.11	0.62	0.18	0.17	0.16	0.26	0.06	0.71	0.2	0.92	0.5	0.22
0.0361	25	Medfordcity	0.08	0.03	0.38	1	0.45	0.26	0.17	0.35	0.25	0.73	0.32	0.31	0.24	0.19	0.14	0.01	0.35	0.01	0	0.02	0.02	0.64	0.17	0.94	0	0.52
0.3	12	FortMyerscity	0.63	0.14	0.4	0.99	0.17	0.43	0.55	0.38	0.9	0.12	0.39	0.59	0.11	0.14	0.13	0.05	0.13	0.02	0.03	0.29	0.05	0.5	0.21	0.11	0.5	1
0.1453	48	Lubbockcity	0.17	0.42	0.6	1	0.21	0.3	0.52	0.41	0.5	0.59	0.53	0.6	0.11	0.1	0.17	0.01	0.09	0.05	0.07	0.3	0.05	0.57	0.25	0.05	1	0.48
0.2135	22	Kennercity	0.35	0.18	0.47	1	0.31	0.27	0.37	0.44	0.62	0.58	0.24	0.45	0.12	0.18	0.11	0	0.23	0.01	0.02	0.32	0.02	0.5	0.42	0.12	0	0.53
0.1359	51	Chesapeakecity	0.53	0.02	0.43	0.96	0.4	0.24	0.23	0.23	0.49	0.62	0.27	0.33	0.03	0.03	0.03	0	0.05	0.04	0.06	0.31	0.04	0.36	0.03	0.06	1	0.47
0.2535	47	JohnsonCitycity	0.11	0.01	0.52	1	0.19	0.41	0.45	0.41	0.59	0.58	0.63	0.5	0.06	0.04	0.02	0.03	0.04	0.01	0.01	0.2	0	0.43	0.09	0.05	0	0
0.3941	34	Lakewoodtownship	0.27	0.19	0.35	0.98	0.29	0.34	0.42	0.46	0.35	0.7	0.25	0.26	0.16	0.14	0.19	0.06	0.31	0.01	0.02	0.26	0.02	0.36	0.17	0.22	1	0.66
0.2914	45	Columbiacity	0.85	0.03	0.76	0.98	0.19	0.35	0.56	0.35	0.58	0.23	0.74	0.7	0.15	0.12	0.04	0.12	0.09	0.04	0.09	0.47	0.18	0.14	0.17	0.27	0.5	1
0.327	8	Denvercity	0.25	0.43	0.3	1	0.22	0.36	0.45	0.42	0.85	0.39	0.46	0.57	0.21	0.22	0.19	0.68	0.22	0.28	0.49	0.5	0.19	0.57	0.16	0.46	0.5	0.41
0.3984	9	NewBritaintown	0.15	0.3	0.39	1	0.31	0.43	0.33	0.51	0.49	0.37	0.37	0.41	0.38	0.35	0.49	0.04	0.49	0.02	0.02	0.17	0.04	0.5	0.38	0.17	0	0.72
0.1655	4	Mesacity	0.04	0.2	0.43	1	0.31	0.17	0.24	0.29	0.54	0.72	0.41	0.49	0.12	0.12	0.1	0.13	0.14	0.07	0.4	1	0.04	0.5	0.33	0.05	0.5	0.27
0.4368	36	Buffalocity	0.6	0.09	0.42	1	0.11	0.92	0.68	0.8	0.62	0.21	0.32	0.34	0.09	0.08	0.12	0.17	0.13	0.22	0.28	0.35	0.12	0.79	0.07	0.75	0.5	0.33
0.3833	1	Gadsdencity	0.55	0.01	0.41	1	0.13	0.5	0.54	0.55	0.61	0.37	0.93	0.79	0.08	0.06	0.05	0	0.04	0.01	0.03	0.41	0.01	0.64	0.58	0.01	0.5	0.42
0.1804	12	PuntaGordacity	0.11	0.03	0.06	1	0.37	0.29	0.21	0.2	0.29	0.37	0.06	0.06	0.02	0.02	0.04	0	0.14	0.03	0.02	0.18	0.05	0.64	0.15	0	0	0.71
0.3801	9	Bridgeporttown	0.52	0.49	0.42	1	0.28	0.65	0.45	0.72	0.6	0.2	0.43	0.53	0.39	0.4	0.49	0.12	0.43	0.07	0.08	0.26	0.09	0.93	0.01	0.36	0	0.63
0.2351	33	Nashuacity	0.03	0.05	0.33	1	0.48	0.19	0.16	0.37	0.48	0.73	0.44	0.49	0.19	0.18	0.11	0.02	0.2	0.02	0.03	0.25	0.03	0.36	0.41	0.06	1	0.52
0.2785	50	Burlingtoncity	0.02	0.02	0.95	1	0.23	0.39	0.51	0.39	0.4	0.47	0.53	0.45	0.14	0.1	0.04	0.05	0.12	0.01	0.02	0.29	0.01	0.64	0.39	0.19	0	0.23
0.7138	18	EastChicagocity	0.65	0.89	0.54	1	0.13	0.79	0.68	1	0.66	0.16	0.19	0.24	0.13	0.14	0.41	0	0.34	0.01	0	0.07	0	0.29	0.65	0.23	0	0
0.2417	41	Hillsborocity	0.01	0.21	0.44	1	0.35	0.26	0.21	0.22	0.56	0.67	0.76	0.79	0.43	0.37	0.27	0.01	0.27	0.03	0.01	0.06	0.04	0.36	0.11	0.2	0.5	0.59
0.3057	19	Davenportcity	0.15	0.06	0.42	1	0.24	0.38	0.41	0.4	0.55	0.52	0.47	0.47	0.07	0.06	0.05	0.06	0.07	0.02	0.04	0.45	0.02	0.64	0.29	0.06	1	0.43
0.233	48	Arlingtoncity	0.16	0.16	0.42	1	0.39	0.11	0.21	0.29	0.61	0.71	0.52	0.69	0.25	0.27	0.14	0.03	0.22	0.07	0.18	0.68	0.1	0.64	0.11	0.01	1	0.81
0.3057	12	FortLauderdalecity	0.55	0.13	0.24	1	0.26	0.23	0.45	0.42	0.85	0.25	0.46	0.64	0.49	0.57	0.25	0.14	0.52	0.09	0.1	0.27	0.18	0.14	0.22	0.26	0.5	1
0.1818	48	Carrolltoncity	0.1	0.19	0.33	1	0.56	0.05	0.11	0.2	0.55	0.8	0.39	0.69	0.28	0.4	0.22	0	0.34	0.01	0.02	0.29	0.01	0.36	0.09	0.08	0.5	0.27
0.4143	48	Laredocity	0	1	0.67	1	0.11	0.82	1	0.77	0.36	0.56	0.38	0.48	0.56	0.6	1	0	0.73	0.03	0.07	0.55	0.03	0.14	0.42	0.2	0	0.44
0.2004	32	Renocity	0.06	0.2	0.34	1	0.28	0.2	0.3	0.33	0.97	0.52	0.6	0.7	0.44	0.43	0.21	0.34	0.35	0.05	0.1	0.44	0.05	0.57	0.44	0.29	0.5	0.52
0.4827	51	VirginiaBeachcity	0.27	0.06	0.45	0.99	0.41	0.13	0.14	0.2	0.48	0.75	0.35	0.44	0.11	0.12	0.05	0.17	0.15	0.12	0.43	0.99	0.17	0.57	0.28	0.04	1	0.81
0.4675	12	Tampacity	0.49	0.28	0.37	1	0.18	0.45	0.51	0.41	0.85	0.28	0.27	0.43	0.13	0.18	0.2	0.25	0.23	0.17	0.32	0.52	0.15	0.93	0.17	0.18	1	0.51
0.1621	6	CostaMesacity	0.03	0.37	0.33	1	0.47	0.19	0.23	0.22	0.75	0.56	0.62	0.7	0.82	0.78	0.52	0.13	0.64	0.02	0.03	0.3	0.03	0.57	0.04	0.17	0.5	0.66
0.2769	5	NorthLittleRockcity	0.46	0.01	0.39	1	0.2	0.35	0.45	0.32	0.74	0.39	0.17	0.25	0.01	0.01	0.03	0.02	0.03	0.01	0.04	0.48	0.04	0.64	0.15	0.09	0	0.99
0.1606	8	Westminstercity	0.02	0.21	0.39	1	0.41	0.14	0.16	0.22	0.65	0.71	0.42	0.53	0.11	0.11	0.11	0.01	0.12	0.01	0.02	0.31	0.03	0.71	0.19	0.19	0	0.69
0.1829	51	Leesburgtown	0.24	0.04	0.31	0	0.47	0.16	0.15	0.06	0.61	0.68	0.55	0.6	0.18	0.16	0.11	0	0.15	0.02	0.02	0.16	0.03	0.43	0.27	0.04	1	0.52
0.4842	6	Glendalecity	0.03	0.39	0.33	1	0.37	0.55	0.37	0.44	0.51	0.69	0.72	0.73	1	1	0.99	0.05	1	0.03	0.13	0.87	0.04	0.71	0.04	0.23	0.5	0.6
0.5245	12	Ocalacity	0.46	0.04	0.35	1	0.17	0.44	0.52	0.45	0.75	0.28	0.12	0.26	0.02	0.04	0.04	0.02	0.08	0.01	0.03	0.41	0.04	0.71	0.39	0.01	0	0.86
0.2384	51	NewportNewscity	0.65	0.05	0.41	1	0.26	0.37	0.37	0.36	0.61	0.51	0.37	0.47	0.09	0.1	0.05	0.06	0.12	0.04	0.06	0.3	0.08	0.57	0.14	0.16	1	0.82
0.4838	6	Richmondcity	0.85	0.27	0.38	1	0.34	0.77	0.42	0.63	0.81	0.25	0.44	0.6	0.42	0.48	0.32	0.11	0.46	0.03	0.08	0.61	0.11	0.5	0.32	0.73	1	1
0.4624	6	Berkeleycity	0.37	0.15	0.62	1	0.3	0.37	0.46	0.33	0.6	0.42	0.48	0.57	0.5	0.49	0.17	0.29	0.5	0.03	0.08	0.65	0.09	0.64	0.38	0.91	0.5	1
0.4286	12	NorthMiamicity	0.62	0.46	0.31	1	0.22	0.21	0.4	0.54	0.81	0.39	0.46	0.62	1	1	0.57	0.01	1	0.01	0.02	0.25	0.01	0.36	0.65	0.44	1	0.4
0.4425	51	Norfolkcity	0.76	0.05	0.63	1	0.2	0.45	0.51	0.37	0.62	0.35	0.49	0.55	0.11	0.11	0.05	0.15	0.11	0.14	0.16	0.3	0.19	0.43	0.17	0.31	0.5	0.79
0.5098	6	Pasadenacity	0.37	0.51	0.34	1	0.39	0.44	0.39	0.39	0.57	0.48	0.54	0.63	0.92	0.89	0.62	0.13	0.82	0.04	0.05	0.28	0.15	0.93	0.22	0.31	0.5	1
0.1518	53	Bellevuecity	0.04	0.04	0.34	1	0.53	0.12	0.13	0.13	0.54	0.76	0.53	0.58	0.43	0.4	0.18	0.01	0.39	0.01	0.03	0.29	0.03	0.43	0.24	0.38	1	0.63
0.4559	45	Greenvillecity	0.69	0.02	0.47	1	0.2	0.4	0.47	0.34	0.68	0.25	0.53	0.57	0.07	0.06	0.03	0.07	0.05	0.04	0.07	0.35	0.45	0.5	0.01	0.13	0	1
0.5282	34	NewBrunswickcity	0.58	0.36	1	1	0.27	0.49	0.58	0.59	0.36	0.13	0.66	0.76	0.68	0.65	0.45	0.06	0.5	0.01	0.02	0.26	0.02	0.71	0.2	0.69	0	0.5
0.483	37	Wilmingtoncity	0.66	0.01	0.55	1	0.15	0.51	0.59	0.38	0.68	0.22	0.29	0.37	0.03	0.03	0.03	0.05	0.05	0.02	0.03	0.31	0.02	0.5	0.19	0.18	0	0.46
0.6261	34	Patersoncity	0.7	0.76	0.52	1	0.25	0.64	0.49	0.76	0.6	0.21	0.5	0.64	0.77	0.82	0.93	0.15	0.75	0.06	0.05	0.19	0.13	0.71	0.18	0.59	0	1
0.3587	40	OklahomaCitycity	0.31	0.09	0.38	0.99	0.23	0.31	0.42	0.45	0.78	0.51	0.42	0.63	0.11	0.14	0.09	0.59	0.12	0.18	0.24	0.37	0.11	0.86	0.09	0.05	0.5	0.36
0.15	9	EastHartfordtown	0.16	0.11	0.29	1	0.41	0.26	0.13	0.31	0.56	0.56	0.31	0.36	0.21	0.2	0.13	0.12	0.32	0.01	0.02	0.24	0.03	0.57	0.16	0.33	0	0.65
0.1933	22	BossierCitycity	0.35	0.05	0.47	1	0.24	0.27	0.42	0.46	0.61	0.55	0.21	0.3	0.03	0.04	0.02	0.01	0.07	0.01	0.02	0.21	0.02	0.43	0.1	0.02	0.5	0.52
0.0152	34	EastBrunswicktownship	0.04	0.05	0.39	1	0.78	0.11	0.04	0.2	0.19	0.91	0.34	0.44	0.29	0.32	0.13	0	0.41	0.01	0.01	0.13	0.01	0.64	0	0.56	0	0.23
0.9838	34	Newarkcity	1	0.48	0.54	1	0.17	1	0.7	1	0.69	0	0.51	0.62	0.58	0.59	0.71	1	0.55	0.02	0.02	0.17	0	0.29	0.66	1	0	0
0.1545	12	Naplescity	0.11	0.04	0.06	1	0.52	0.11	0.15	0.13	0.4	0.55	0.28	0.34	0.1	0.11	0.07	0	0.17	0.1	0.09	0.24	0.11	0.29	0.14	0.01	1	0.61
0.3252	55	Racinecity	0.36	0.15	0.39	1	0.25	0.57	0.42	0.49	0.6	0.4	0.25	0.26	0.06	0.05	0.09	0.01	0.11	0.03	0.05	0.32	0.04	0.43	0.26	0.19	0.5	0.61
0.5408	12	Orlandocity	0.52	0.16	0.49	1	0.24	0.3	0.41	0.25	0.82	0.25	0.42	0.55	0.18	0.19	0.15	0.4	0.2	0.15	0.15	0.26	0.26	0.93	0.1	0.2	0.5	0.96
0.226	45	Charlestoncity	0.81	0.01	0.57	1	0.22	0.4	0.57	0.3	0.54	0.29	0.48	0.48	0.07	0.06	0.04	0.1	0.07	0.04	0.04	0.24	0.02	0.5	0.03	0.33	0	0.25
0.545	25	Lawrencecity	0.12	0.77	0.47	1	0.17	1	0.73	1	0.69	0.16	0.59	0.68	0.76	0.73	0.89	0.03	0.62	0.02	0.02	0.24	0.04	0.29	0.31	0.15	0	0.93
0.2881	34	Lindencity	0.39	0.13	0.3	1	0.4	0.28	0.14	0.42	0.4	0.59	0.32	0.38	0.32	0.31	0.28	0	0.47	0.01	0.01	0.14	0.04	0.57	0.32	0.32	0	0.99
0.3218	4	Tempecity	0.06	0.2	0.63	1	0.33	0.15	0.35	0.3	0.52	0.64	0.69	0.7	0.31	0.26	0.1	0.03	0.21	0.04	0.08	0.46	0.04	0.79	0.35	0.08	1	0.48
0.3561	21	Louisvillecity	0.58	0.01	0.38	1	0.14	0.56	0.6	0.54	0.79	0.22	0.63	0.62	0.06	0.05	0.03	0.47	0.04	0.08	0.03	0.09	0.01	0.86	0.23	0.48	1	0.05
0.4842	6	Pomonacity	0.28	0.95	0.51	1	0.34	0.63	0.49	0.6	0.51	0.49	0.56	0.67	1	1	1	0.12	0.94	0.02	0.1	0.86	0.03	0.86	0.27	0.18	0.5	0.42
0.2783	6	SantaBarbaracity	0.04	0.58	0.32	1	0.36	0.28	0.33	0.26	0.66	0.5	0.57	0.62	0.79	0.72	0.58	0.18	0.67	0.02	0.05	0.55	0.02	0.57	0.28	0.22	0	0.37
0.4132	54	Charlestoncity	0.28	0.01	0.32	1	0.2	0.5	0.49	0.47	0.67	0.45	0.3	0.3	0.03	0.03	0.03	0.09	0.05	0.02	0.05	0.43	0.06	0.29	0.46	0.29	0	1
0.2528	18	FortWaynecity	0.33	0.05	0.42	1	0.24	0.27	0.3	0.38	0.67	0.47	0.36	0.44	0.05	0.05	0.04	0.06	0.06	0.05	0.03	0.14	0.06	0.71	0.5	0.12	0.5	0.57
0.3924	6	SanDiegocity	0.18	0.38	0.47	1	0.36	0.42	0.35	0.34	0.61	0.54	0.48	0.6	0.62	0.64	0.42	1	0.62	0.29	0.3	0.28	0.18	0.93	0.97	0.25	0.5	0.37
0.2767	5	LittleRockcity	0.66	0.01	0.39	1	0.25	0.26	0.38	0.31	0.71	0.41	0.51	0.6	0.07	0.06	0.03	0.08	0.06	0.01	0.01	0.17	0.01	0.29	0	0.08	0	0.41
0.3528	36	Poughkeepsiecity	0.61	0.07	0.32	1	0.26	0.56	0.38	0.44	0.58	0.24	0.41	0.52	0.25	0.26	0.1	0.02	0.29	0.01	0.01	0.15	0.01	0.36	0.44	0.42	0	0.37
0.2461	18	Indianapoliscity	0.44	0.02	0.38	1	0.29	0.28	0.32	0.33	0.72	0.46	0.38	0.43	0.04	0.04	0.04	0.33	0.05	0.21	0.5	0.68	0.16	0.93	0.2	0.18	0.5	0.44
0.4695	6	SanFranciscocity	0.21	0.26	0.24	1	0.36	0.5	0.33	0.38	0.56	0.46	0.45	0.58	0.94	1	0.8	1	1	0.39	0.66	0.5	0.4	0.93	0.16	1	0.5	0.64
0.0695	9	Hamdentown	0.17	0.04	0.35	0.96	0.5	0.17	0.1	0.2	0.3	0.79	0.26	0.34	0.11	0.12	0.06	0.02	0.21	0.01	0.02	0.26	0.02	0.43	0.25	0.17	0	0.62
0.2712	9	Waterburytown	0.25	0.25	0.35	1	0.31	0.48	0.31	0.5	0.52	0.42	0.17	0.26	0.09	0.12	0.28	0.06	0.25	0.06	0.04	0.19	0.1	0.36	0.25	0.18	0	0.91
0.2709	25	Walthamcity	0.06	0.1	0.58	1	0.44	0.24	0.16	0.37	0.32	0.65	0.46	0.49	0.43	0.38	0.2	0.04	0.45	0.02	0.01	0.14	0.01	0.57	0.19	0.33	0	0.22
0.3844	6	Ontariocity	0.14	0.77	0.5	1	0.4	0.47	0.35	0.47	0.57	0.59	0.52	0.65	0.73	0.75	0.77	0.08	0.68	0.03	0.04	0.3	0.07	0.36	0.11	0.05	0.5	1
